1 1 -100.372 215.248 0.000
1 2 -96.600 216.967 0.000
1 3 -92.799 218.620 0.000
1 4 -88.969 220.206 0.000
1 5 -85.112 221.725 0.000
1 6 -81.230 223.177 0.000
1 7 -77.322 224.561 0.000
1 8 -73.392 225.876 0.000
1 9 -69.438 227.122 0.000
1 10 -65.464 228.300 0.000
1 11 -61.470 229.407 0.000
1 12 -57.456 230.445 0.000
1 13 -53.426 231.413 0.000
1 14 -49.379 232.310 0.000
1 15 -45.317 233.136 0.000
1 16 -41.241 233.892 0.000
1 17 -37.153 234.576 0.000
1 18 -33.054 235.189 0.000
1 19 -28.944 235.730 0.000
1 20 -24.826 236.199 0.000
1 21 -20.699 236.596 0.000
1 22 -16.567 236.921 0.000
1 23 -12.430 237.175 0.000
1 24 -8.289 237.355 0.000
1 25 -4.145 237.464 0.000
1 26 -0.000 237.500 0.000
1 27 4.145 237.464 0.000
1 28 8.289 237.355 0.000
1 29 12.430 237.175 0.000
1 30 16.567 236.921 0.000
1 31 20.699 236.596 0.000
1 32 24.826 236.199 0.000
1 33 28.944 235.730 0.000
1 34 33.054 235.189 0.000
1 35 37.153 234.576 0.000
1 36 41.241 233.892 0.000
1 37 45.317 233.136 0.000
1 38 49.379 232.310 0.000
1 39 53.426 231.413 0.000
1 40 57.456 230.445 0.000
1 41 61.470 229.407 0.000
1 42 65.464 228.300 0.000
1 43 69.438 227.122 0.000
1 44 73.392 225.876 0.000
1 45 77.322 224.561 0.000
1 46 81.230 223.177 0.000
1 47 85.112 221.725 0.000
1 48 88.969 220.206 0.000
1 49 92.799 218.620 0.000
1 50 96.600 216.967 0.000
1 51 100.372 215.248 0.000
1 52 104.113 213.464 0.000
1 53 107.823 211.614 0.000
1 54 111.499 209.700 0.000
1 55 115.142 207.722 0.000
1 56 118.750 205.681 0.000
1 57 122.322 203.577 0.000
1 58 125.856 201.411 0.000
1 59 129.352 199.184 0.000
1 60 132.808 196.896 0.000
1 61 136.224 194.549 0.000
